   0.0    90.0    54.920      5.2054
   6.0    90.0    60.199      5.3512
  12.0    90.0    65.211      5.4814
  18.0    90.0    70.008      5.5916
  24.0    90.0    74.638      5.6783
  30.0    90.0    79.149      5.7388
  36.0    90.0    83.587      5.7713
  42.0    90.0    87.998      5.7748
  48.0    90.0    92.425      5.7494
  54.0    90.0    96.914      5.6956
  60.0    90.0   101.510      5.6152
  66.0    90.0   106.261      5.5105
  72.0    90.0   111.216      5.3848
  78.0    90.0   116.425      5.2424
  84.0    90.0   121.939      5.0883
  90.0    90.0   127.805      4.9285
  96.0    90.0   134.064      4.7698
 102.0    90.0   140.743      4.6196
 108.0    90.0   147.848      4.4856
 114.0    90.0   155.352      4.3754
 120.0    90.0   163.189      4.2957
 126.0    90.0   171.255      4.2520
 132.0    90.0   179.414      4.2471
 138.0    90.0   187.517      4.2815
 144.0    90.0   195.421      4.3528
 150.0    90.0   203.014      4.4561
 156.0    90.0   210.220      4.5849
 162.0    90.0   217.005      4.7319
 168.0    90.0   223.365      4.8892
 174.0    90.0   229.324      5.0494
 180.0    90.0   234.920      5.2055
 186.0    90.0   240.199      5.3512
 192.0    90.0   245.211      5.4815
 198.0    90.0   250.008      5.5917
 204.0    90.0   254.638      5.6783
 210.0    90.0   259.149      5.7388
 216.0    90.0   263.587      5.7713
 222.0    90.0   267.998      5.7749
 228.0    90.0   272.425      5.7494
 234.0    90.0   276.914      5.6957
 240.0    90.0   281.510      5.6152
 246.0    90.0   286.261      5.5105
 252.0    90.0   291.216      5.3848
 258.0    90.0   296.425      5.2424
 264.0    90.0   301.939      5.0883
 270.0    90.0   307.805      4.9285
 276.0    90.0   314.064      4.7698
 282.0    90.0   320.743      4.6196
 288.0    90.0   327.848      4.4856
 294.0    90.0   335.352      4.3754
 300.0    90.0   343.189      4.2958
 306.0    90.0   351.255      4.2520
 312.0    90.0   359.414      4.2471
 318.0    90.0     7.516      4.2815
 324.0    90.0    15.421      4.3528
 330.0    90.0    23.014      4.4561
 336.0    90.0    30.220      4.5849
 342.0    90.0    37.005      4.7319
 348.0    90.0    43.365      4.8892
 354.0    90.0    49.324      5.0494
   0.0    84.0    46.067      6.1195
   6.0    84.0    50.779      5.8634
  12.0    84.0    55.377      5.6279
  18.0    84.0    59.897      5.4142
  24.0    84.0    64.384      5.2236
  30.0    84.0    68.894      5.0580
  36.0    84.0    73.489      4.9190
  42.0    84.0    78.244      4.8086
  48.0    84.0    83.232      4.7287
  54.0    84.0    88.528      4.6816
  60.0    84.0    94.195      4.6695
  66.0    84.0   100.280      4.6952
  72.0    84.0   106.803      4.7619
  78.0    84.0   113.759      4.8733
  84.0    84.0   121.111      5.0335
  90.0    84.0   128.796      5.2465
  96.0    84.0   136.730      5.5163
 102.0    84.0   144.818      5.8458
 108.0    84.0   152.964      6.2367
 114.0    84.0   161.079      6.6892
 120.0    84.0   169.089      7.2015
 126.0    84.0   176.935      7.7695
 132.0    84.0   184.576      8.3873
 138.0    84.0   191.986      9.0468
 144.0    84.0   199.153      9.7382
 150.0    84.0   206.074     10.4500
 156.0    84.0   212.755     11.1697
 162.0    84.0   219.207     11.8838
 168.0    84.0   225.447     12.5781
 174.0    84.0   231.493     13.2384
 180.0    84.0   237.367     13.8501
 186.0    84.0   243.091     14.3996
 192.0    84.0   248.686     14.8738
 198.0    84.0   254.177     15.2612
 204.0    84.0   259.585     15.5522
 210.0    84.0   264.933     15.7399
 216.0    84.0   270.243     15.8201
 222.0    84.0   275.536     15.7923
 228.0    84.0   280.835     15.6590
 234.0    84.0   286.160     15.4266
 240.0    84.0   291.532     15.1042
 246.0    84.0   296.972     14.7037
 252.0    84.0   302.497     14.2386
 258.0    84.0   308.121     13.7238
 264.0    84.0   313.855     13.1742
 270.0    84.0   319.701     12.6044
 276.0    84.0   325.658     12.0275
 282.0    84.0   331.712     11.4551
 288.0    84.0   337.843     10.8966
 294.0    84.0   344.023     10.3588
 300.0    84.0   350.217      9.8463
 306.0    84.0   356.386      9.3616
 312.0    84.0     2.493      8.9051
 318.0    84.0     8.500      8.4763
 324.0    84.0    14.376      8.0737
 330.0    84.0    20.096      7.6954
 336.0    84.0    25.645      7.3397
 342.0    84.0    31.014      7.0051
 348.0    84.0    36.201      6.6905
 354.0    84.0    41.215      6.3953
   0.0    78.0    61.559      3.3190
   6.0    78.0    64.122      2.8499
  12.0    78.0    65.726      2.4016
  18.0    78.0    65.941      1.9781
  24.0    78.0    64.031      1.5872
  30.0    78.0    58.804      1.2435
  36.0    78.0    48.651      0.9712
  42.0    78.0    32.881      0.8010
  48.0    78.0    14.811      0.7448
  54.0    78.0     0.162      0.7659
  60.0    78.0   350.897      0.8025
  66.0    78.0   345.800      0.8073
  72.0    78.0   343.288      0.7519
  78.0    78.0   341.987      0.6193
  84.0    78.0   339.478      0.3985
  90.0    78.0   304.728      0.1019
  96.0    78.0   188.375      0.3734
 102.0    78.0   185.650      0.9213
 108.0    78.0   188.552      1.6008
 114.0    78.0   193.023      2.4165
 120.0    78.0   198.235      3.3714
 126.0    78.0   203.836      4.4638
 132.0    78.0   209.610      5.6848
 138.0    78.0   215.407      7.0182
 144.0    78.0   221.113      8.4412
 150.0    78.0   226.648      9.9269
 156.0    78.0   231.962     11.4464
 162.0    78.0   237.031     12.9720
 168.0    78.0   241.852     14.4771
 174.0    78.0   246.447     15.9361
 180.0    78.0   250.848     17.3213
 186.0    78.0   255.096     18.6005
 192.0    78.0   259.234     19.7355
 198.0    78.0   263.299     20.6833
 204.0    78.0   267.320     21.4001
 210.0    78.0   271.321     21.8474
 216.0    78.0   275.323     21.9982
 222.0    78.0   279.351     21.8421
 228.0    78.0   283.437     21.3871
 234.0    78.0   287.630     20.6596
 240.0    78.0   291.991     19.7003
 246.0    78.0   296.602     18.5598
 252.0    78.0   301.558     17.2944
 258.0    78.0   306.962     15.9615
 264.0    78.0   312.918     14.6167
 270.0    78.0   319.513     13.3114
 276.0    78.0   326.794     12.0898
 282.0    78.0   334.744     10.9858
 288.0    78.0   343.258     10.0191
 294.0    78.0   352.134      9.1926
 300.0    78.0     1.101      8.4923
 306.0    78.0     9.871      7.8903
 312.0    78.0    18.197      7.3528
 318.0    78.0    25.914      6.8474
 324.0    78.0    32.940      6.3502
 330.0    78.0    39.264      5.8478
 336.0    78.0    44.917      5.3371
 342.0    78.0    49.946      4.8219
 348.0    78.0    54.394      4.3093
 354.0    78.0    58.277      3.8066
   0.0    72.0   113.353      1.2774
   6.0    72.0   142.762      0.7935
  12.0    72.0   194.044      0.6616
  18.0    72.0   233.924      0.9415
  24.0    72.0   253.596      1.3840
  30.0    72.0   264.466      1.8688
  36.0    72.0   271.012      2.3547
  42.0    72.0   274.845      2.8194
  48.0    72.0   276.734      3.2514
  54.0    72.0   277.221      3.6488
  60.0    72.0   276.801      4.0152
  66.0    72.0   275.962      4.3515
  72.0    72.0   275.127      4.6501
  78.0    72.0   274.607      4.8937
  84.0    72.0   274.547      5.0580
  90.0    72.0   274.901      5.1193
  96.0    72.0   275.392      5.0637
 102.0    72.0   275.460      4.8986
 108.0    72.0   274.221      4.6660
 114.0    72.0   270.615      4.4593
 120.0    72.0   264.146      4.4341
 126.0    72.0   256.172      4.7721
 132.0    72.0   249.570      5.5779
 138.0    72.0   246.116      6.8195
 144.0    72.0   245.620      8.3818
 150.0    72.0   247.102     10.1360
 156.0    72.0   249.656     11.9723
 162.0    72.0   252.655     13.8154
 168.0    72.0   255.722     15.6303
 174.0    72.0   258.679     17.4159
 180.0    72.0   261.494     19.1823
 186.0    72.0   264.227     20.9215
 192.0    72.0   266.964     22.5826
 198.0    72.0   269.767     24.0659
 204.0    72.0   272.646     25.2408
 210.0    72.0   275.573     25.9794
 216.0    72.0   278.501     26.1921
 222.0    72.0   281.398     25.8510
 228.0    72.0   284.272     24.9928
 234.0    72.0   287.194     23.7028
 240.0    72.0   290.309     22.0897
 246.0    72.0   293.830     20.2626
 252.0    72.0   298.024     18.3195
 258.0    72.0   303.197     16.3477
 264.0    72.0   309.666     14.4314
 270.0    72.0   317.730     12.6580
 276.0    72.0   327.583     11.1153
 282.0    72.0   339.167      9.8774
 288.0    72.0   352.003      8.9783
 294.0    72.0     5.209      8.3869
 300.0    72.0    17.834      8.0053
 306.0    72.0    29.259      7.7005
 312.0    72.0    39.318      7.3483
 318.0    72.0    48.159      6.8646
 324.0    72.0    56.077      6.2169
 330.0    72.0    63.420      5.4211
 336.0    72.0    70.582      4.5287
 342.0    72.0    78.052      3.6090
 348.0    72.0    86.542      2.7291
 354.0    72.0    97.330      1.9404
   0.0    66.0   210.888      2.8021
   6.0    66.0   225.408      3.1919
  12.0    66.0   237.460      3.5018
  18.0    66.0   248.732      3.7869
  24.0    66.0   259.144      4.0993
  30.0    66.0   267.798      4.4439
  36.0    66.0   273.807      4.7835
  42.0    66.0   276.651      5.0840
  48.0    66.0   276.232      5.3567
  54.0    66.0   272.988      5.6659
  60.0    66.0   267.971      6.0923
  66.0    66.0   262.569      6.6792
  72.0    66.0   257.943      7.4050
  78.0    66.0   254.751      8.1928
  84.0    66.0   253.227      8.9306
  90.0    66.0   253.345      9.4898
  96.0    66.0   254.903      9.7513
 102.0    66.0   257.540      9.6400
 108.0    66.0   260.697      9.1592
 114.0    66.0   263.529      8.4087
 120.0    66.0   264.827      7.5827
 126.0    66.0   263.323      6.9568
 132.0    66.0   258.988      6.8431
 138.0    66.0   254.250      7.4495
 144.0    66.0   251.892      8.7284
 150.0    66.0   252.437     10.4315
 156.0    66.0   254.912     12.2747
 162.0    66.0   258.220     14.0477
 168.0    66.0   261.579     15.6676
 174.0    66.0   264.557     17.1852
 180.0    66.0   267.056     18.7325
 186.0    66.0   269.251     20.4193
 192.0    66.0   271.431     22.2310
 198.0    66.0   273.785     23.9891
 204.0    66.0   276.313     25.4048
 210.0    66.0   278.862     26.1959
 216.0    66.0   281.224     26.2027
 222.0    66.0   283.236     25.4468
 228.0    66.0   284.871     24.1072
 234.0    66.0   286.321     22.4289
 240.0    66.0   288.021     20.6163
 246.0    66.0   290.564     18.7753
 252.0    66.0   294.554     16.9322
 258.0    66.0   300.471     15.1008
 264.0    66.0   308.632     13.3379
 270.0    66.0   319.158     11.7508
 276.0    66.0   331.861     10.4611
 282.0    66.0   346.104      9.5478
 288.0    66.0     0.855      9.0057
 294.0    66.0    15.065      8.7421
 300.0    66.0    28.078      8.6080
 306.0    66.0    39.727      8.4370
 312.0    66.0    50.216      8.0770
 318.0    66.0    60.010      7.4204
 324.0    66.0    69.865      6.4340
 330.0    66.0    81.077      5.1828
 336.0    66.0    96.191      3.8414
 342.0    66.0   120.160      2.7086
 348.0    66.0   156.006      2.1893
 354.0    66.0   189.472      2.3698
   0.0    60.0   224.962      5.9125
   6.0    60.0   233.178      6.2717
  12.0    60.0   241.990      6.4238
  18.0    60.0   252.058      6.5379
  24.0    60.0   262.668      6.7093
  30.0    60.0   272.298      6.9079
  36.0    60.0   279.483      7.0245
  42.0    60.0   283.137      6.9854
  48.0    60.0   282.506      6.8381
  54.0    60.0   277.483      6.7453
  60.0    60.0   269.118      6.8916
  66.0    60.0   259.345      7.3836
  72.0    60.0   249.993      8.2463
  78.0    60.0   242.430      9.4548
  84.0    60.0   237.553     10.8885
  90.0    60.0   235.591     12.2810
  96.0    60.0   236.145     13.2775
 102.0    60.0   238.524     13.5693
 108.0    60.0   241.985     13.0193
 114.0    60.0   245.774     11.7268
 120.0    60.0   248.964     10.0143
 126.0    60.0   250.286      8.3551
 132.0    60.0   248.648      7.2700
 138.0    60.0   245.285      7.1648
 144.0    60.0   243.877      8.1002
 150.0    60.0   245.978      9.7622
 156.0    60.0   250.374     11.6822
 162.0    60.0   255.555     13.4347
 168.0    60.0   260.529     14.7917
 174.0    60.0   264.733     15.8099
 180.0    60.0   268.007     16.7725
 186.0    60.0   270.653     17.9812
 192.0    60.0   273.241     19.5075
 198.0    60.0   276.146     21.0808
 204.0    60.0   279.308     22.2055
 210.0    60.0   282.339     22.4308
 216.0    60.0   284.708     21.6076
 222.0    60.0   285.922     19.9873
 228.0    60.0   285.820     18.1024
 234.0    60.0   285.062     16.4744
 240.0    60.0   285.241     15.3186
 246.0    60.0   288.049     14.4979
 252.0    60.0   294.325     13.7616
 258.0    60.0   303.958     12.9883
 264.0    60.0   316.162     12.2259
 270.0    60.0   329.645     11.5708
 276.0    60.0   342.980     11.0384
 282.0    60.0   355.271     10.5512
 288.0    60.0     6.515     10.0257
 294.0    60.0    17.360      9.4392
 300.0    60.0    28.525      8.8215
 306.0    60.0    40.299      8.1961
 312.0    60.0    52.496      7.5178
 318.0    60.0    65.065      6.6681
 324.0    60.0    79.074      5.5461
 330.0    60.0    98.163      4.2240
 336.0    60.0   130.087      3.1645
 342.0    60.0   172.009      3.1974
 348.0    60.0   200.227      4.1703
 354.0    60.0   215.310      5.2053
   0.0    54.0   230.516      7.9452
   6.0    54.0   236.589      8.2822
  12.0    54.0   244.337      8.4410
  18.0    54.0   253.938      8.6597
  24.0    54.0   264.199      8.9759
  30.0    54.0   273.524      9.2138
  36.0    54.0   280.703      9.1711
  42.0    54.0   284.769      8.8247
  48.0    54.0   284.964      8.3619
  54.0    54.0   281.392      8.0202
  60.0    54.0   275.128      7.8629
  66.0    54.0   266.554      7.7793
  72.0    54.0   254.616      7.8326
  78.0    54.0   240.104      8.5006
  84.0    54.0   228.236     10.1531
  90.0    54.0   222.507     12.3923
  96.0    54.0   221.793     14.3899
 102.0    54.0   223.861     15.4502
 108.0    54.0   227.092     15.2449
 114.0    54.0   230.532     13.8452
 120.0    54.0   233.628     11.6400
 126.0    54.0   235.943      9.2053
 132.0    54.0   236.986      7.1805
 138.0    54.0   236.945      6.1371
 144.0    54.0   238.089      6.3864
 150.0    54.0   242.161      7.8166
 156.0    54.0   247.959      9.9214
 162.0    54.0   253.954     12.0007
 168.0    54.0   259.361     13.4968
 174.0    54.0   263.787     14.2947
 180.0    54.0   267.168     14.7432
 186.0    54.0   269.992     15.3373
 192.0    54.0   273.137     16.2652
 198.0    54.0   277.117     17.1846
 204.0    54.0   281.730     17.4214
 210.0    54.0   286.302     16.4371
 216.0    54.0   289.788     14.2405
 222.0    54.0   290.562     11.4899
 228.0    54.0   287.006      9.2285
 234.0    54.0   281.320      8.2833
 240.0    54.0   280.536      8.5764
 246.0    54.0   287.508      9.4174
 252.0    54.0   300.070     10.3139
 258.0    54.0   315.446     11.1306
 264.0    54.0   331.116     11.8869
 270.0    54.0   344.907     12.5102
 276.0    54.0   355.629     12.7741
 282.0    54.0     3.345     12.4613
 288.0    54.0     9.098     11.5167
 294.0    54.0    14.594     10.0540
 300.0    54.0    21.959      8.3006
 306.0    54.0    33.345      6.5634
 312.0    54.0    49.870      5.1392
 318.0    54.0    70.410      4.1057
 324.0    54.0    94.454      3.2711
 330.0    54.0   128.403      2.6286
 336.0    54.0   172.797      2.8661
 342.0    54.0   202.364      4.2086
 348.0    54.0   216.732      5.8438
 354.0    54.0   224.680      7.1635
   0.0    48.0   237.789      8.4562
   6.0    48.0   242.021      8.8203
  12.0    48.0   248.727      9.1716
  18.0    48.0   257.285      9.7687
  24.0    48.0   265.916     10.4713
  30.0    48.0   273.262     10.8595
  36.0    48.0   278.587     10.6800
  42.0    48.0   281.143     10.1319
  48.0    48.0   280.584      9.7081
  54.0    48.0   278.212      9.7030
  60.0    48.0   275.835      9.8255
  66.0    48.0   272.802      9.4512
  72.0    48.0   265.026      8.3833
  78.0    48.0   247.012      7.5750
  84.0    48.0   225.597      8.6170
  90.0    48.0   215.177     11.1450
  96.0    48.0   213.754     13.5192
 102.0    48.0   215.881     14.7281
 108.0    48.0   218.707     14.5389
 114.0    48.0   221.300     13.2304
 120.0    48.0   224.107     11.2238
 126.0    48.0   228.481      8.8515
 132.0    48.0   236.122      6.4705
 138.0    48.0   247.961      4.6642
 144.0    48.0   259.212      4.0591
 150.0    48.0   261.917      4.8977
 156.0    48.0   261.015      6.9854
 162.0    48.0   261.692      9.5592
 168.0    48.0   263.650     11.6486
 174.0    48.0   265.721     12.7482
 180.0    48.0   267.329     13.0749
 186.0    48.0   268.889     13.2216
 192.0    48.0   271.539     13.4948
 198.0    48.0   275.966     13.5474
 204.0    48.0   281.978     12.6445
 210.0    48.0   289.146     10.3216
 216.0    48.0   297.057      6.9076
 222.0    48.0   303.389      3.4655
 228.0    48.0   286.177      1.3076
 234.0    48.0   252.822      1.7116
 240.0    48.0   270.039      3.3363
 246.0    48.0   291.170      5.4499
 252.0    48.0   310.314      7.5950
 258.0    48.0   327.964      9.5871
 264.0    48.0   343.175     11.4614
 270.0    48.0   354.543     13.0839
 276.0    48.0     1.668     14.0846
 282.0    48.0     5.239     14.1158
 288.0    48.0     6.572     13.0306
 294.0    48.0     7.246     10.8814
 300.0    48.0     8.900      7.9209
 306.0    48.0    13.629      4.6536
 312.0    48.0    29.101      1.7726
 318.0    48.0   143.219      0.6971
 324.0    48.0   188.408      1.7129
 330.0    48.0   207.265      2.4900
 336.0    48.0   221.136      3.4818
 342.0    48.0   228.940      4.8815
 348.0    48.0   232.771      6.4317
 354.0    48.0   235.162      7.7044
   0.0    42.0   246.789      8.3009
   6.0    42.0   249.292      8.5607
  12.0    42.0   255.144      9.0213
  18.0    42.0   262.651      9.9235
  24.0    42.0   269.363     10.8994
  30.0    42.0   274.194     11.3006
  36.0    42.0   276.717     10.9369
  42.0    42.0   276.332     10.3691
  48.0    42.0   273.638     10.4220
  54.0    42.0   271.355     11.2813
  60.0    42.0   270.801     12.1336
  66.0    42.0   270.039     11.8880
  72.0    42.0   264.468     10.2910
  78.0    42.0   247.617      8.7366
  84.0    42.0   225.752      9.4093
  90.0    42.0   215.830     11.6484
  96.0    42.0   215.306     13.1938
 102.0    42.0   217.469     13.0144
 108.0    42.0   218.571     11.4384
 114.0    42.0   217.798      9.5311
 120.0    42.0   218.687      7.9945
 126.0    42.0   227.108      6.6325
 132.0    42.0   247.432      5.2205
 138.0    42.0   280.099      4.3310
 144.0    42.0   308.214      4.3533
 150.0    42.0   313.887      4.5058
 156.0    42.0   297.522      5.0385
 162.0    42.0   279.700      6.9142
 168.0    42.0   271.870      9.2333
 174.0    42.0   269.198     10.7511
 180.0    42.0   268.065     11.2203
 186.0    42.0   267.669     11.1221
 192.0    42.0   268.801     10.8572
 198.0    42.0   272.152     10.1900
 204.0    42.0   277.652      8.4576
 210.0    42.0   285.961      5.3456
 216.0    42.0   309.741      1.5797
 222.0    42.0    93.269      1.8367
 228.0    42.0   112.845      2.9827
 234.0    42.0   131.499      2.0279
 240.0    42.0   245.160      0.7652
 246.0    42.0   303.496      3.0012
 252.0    42.0   322.141      5.1949
 258.0    42.0   336.804      7.2769
 264.0    42.0   347.453      9.5232
 270.0    42.0   353.648     11.8388
 276.0    42.0   356.259     13.7675
 282.0    42.0   356.533     14.7297
 288.0    42.0   355.528     14.2215
 294.0    42.0   353.697     11.9863
 300.0    42.0   349.647      8.2597
 306.0    42.0   333.037      4.0907
 312.0    42.0   263.937      2.6519
 318.0    42.0   234.523      4.5225
 324.0    42.0   235.092      5.5766
 330.0    42.0   242.190      5.7266
 336.0    42.0   248.849      5.7398
 342.0    42.0   250.899      6.1444
 348.0    42.0   249.237      6.9603
 354.0    42.0   247.189      7.7992
   0.0    36.0   252.569      8.2959
   6.0    36.0   254.566      8.3212
  12.0    36.0   261.006      8.7209
  18.0    36.0   268.978      9.6818
  24.0    36.0   274.917     10.5976
  30.0    36.0   277.841     10.6962
  36.0    36.0   277.518     10.0351
  42.0    36.0   273.819      9.6076
  48.0    36.0   269.221     10.3883
  54.0    36.0   267.045     12.1856
  60.0    36.0   266.635     13.6677
  66.0    36.0   264.800     13.5441
  72.0    36.0   256.675     11.9504
  78.0    36.0   238.844     11.0706
  84.0    36.0   222.936     12.7339
  90.0    36.0   218.755     15.1242
  96.0    36.0   221.319     15.6110
 102.0    36.0   225.228     13.1526
 108.0    36.0   226.159      8.7780
 114.0    36.0   218.033      4.9453
 120.0    36.0   207.425      3.3534
 126.0    36.0   225.809      3.0913
 132.0    36.0   265.072      3.5900
 138.0    36.0   300.787      4.5508
 144.0    36.0   326.326      5.3061
 150.0    36.0   338.740      5.2286
 156.0    36.0   330.778      4.3683
 162.0    36.0   299.317      4.4797
 168.0    36.0   277.862      6.3534
 174.0    36.0   270.659      8.0892
 180.0    36.0   268.133      8.7109
 186.0    36.0   267.024      8.3988
 192.0    36.0   266.805      7.6653
 198.0    36.0   267.489      6.6005
 204.0    36.0   268.280      4.7656
 210.0    36.0   263.308      1.9123
 216.0    36.0   118.555      1.4732
 222.0    36.0   112.895      3.6521
 228.0    36.0   118.485      3.8181
 234.0    36.0   128.008      2.2513
 240.0    36.0   141.566      0.1715
 246.0    36.0   336.532      1.5687
 252.0    36.0   347.142      3.0586
 258.0    36.0   348.003      4.8079
 264.0    36.0   343.552      7.3264
 270.0    36.0   340.046     10.5480
 276.0    36.0   338.518     13.6080
 282.0    36.0   337.736     15.4562
 288.0    36.0   336.577     15.3555
 294.0    36.0   333.638     13.0750
 300.0    36.0   324.337      9.1952
 306.0    36.0   293.775      5.9449
 312.0    36.0   253.144      6.7262
 318.0    36.0   241.538      9.0193
 324.0    36.0   243.511      9.9965
 330.0    36.0   249.471      9.5236
 336.0    36.0   255.262      8.4997
 342.0    36.0   257.890      7.8524
 348.0    36.0   256.720      7.8690
 354.0    36.0   254.071      8.1672
   0.0    30.0   254.703      8.6370
   6.0    30.0   257.354      8.5508
  12.0    30.0   265.210      8.9793
  18.0    30.0   274.498      9.9559
  24.0    30.0   280.690     10.5890
  30.0    30.0   282.699     10.1138
  36.0    30.0   280.232      9.0435
  42.0    30.0   274.296      8.7959
  48.0    30.0   269.717     10.1749
  54.0    30.0   268.480     12.4244
  60.0    30.0   267.866     13.8816
  66.0    30.0   264.150     13.4138
  72.0    30.0   252.131     11.8625
  78.0    30.0   232.309     12.1701
  84.0    30.0   220.658     15.4363
  90.0    30.0   220.119     18.9242
  96.0    30.0   223.925     19.5098
 102.0    30.0   227.985     15.6662
 108.0    30.0   229.179      8.7632
 114.0    30.0   211.647      2.5426
 120.0    30.0   118.136      1.4227
 126.0    30.0   108.381      0.6226
 132.0    30.0   299.253      1.5179
 138.0    30.0   317.425      3.2372
 144.0    30.0   338.798      3.9728
 150.0    30.0   356.708      3.7758
 156.0    30.0     0.943      2.7089
 162.0    30.0   319.554      1.7761
 168.0    30.0   276.459      3.2450
 174.0    30.0   269.193      5.0530
 180.0    30.0   269.339      5.7241
 186.0    30.0   271.524      5.1130
 192.0    30.0   273.252      3.8462
 198.0    30.0   269.985      2.5284
 204.0    30.0   249.367      1.1918
 210.0    30.0   138.916      1.1625
 216.0    30.0   117.030      3.0906
 222.0    30.0   119.001      4.1878
 228.0    30.0   130.573      3.6751
 234.0    30.0   151.586      2.2112
 240.0    30.0   165.518      0.6729
 246.0    30.0    36.064      1.1524
 252.0    30.0    26.839      2.7134
 258.0    30.0     1.004      4.1702
 264.0    30.0   335.788      7.3523
 270.0    30.0   325.505     11.8534
 276.0    30.0   321.994     15.5691
 282.0    30.0   319.800     17.2206
 288.0    30.0   316.533     16.6159
 294.0    30.0   310.284     14.1767
 300.0    30.0   296.814     11.0037
 306.0    30.0   272.310      9.4044
 312.0    30.0   252.145     10.7079
 318.0    30.0   246.621     12.7369
 324.0    30.0   248.197     13.4857
 330.0    30.0   251.071     12.5340
 336.0    30.0   253.120     10.7314
 342.0    30.0   254.388      9.3276
 348.0    30.0   255.225      8.8203
 354.0    30.0   255.095      8.7612
   0.0    24.0   259.468      9.4247
   6.0    24.0   262.434      9.5758
  12.0    24.0   269.460     10.3777
  18.0    24.0   277.380     11.4842
  24.0    24.0   282.345     11.7148
  30.0    24.0   283.152     10.5454
  36.0    24.0   279.537      9.1006
  42.0    24.0   274.395      9.0581
  48.0    24.0   272.834     10.7833
  54.0    24.0   273.941     13.0046
  60.0    24.0   274.449     13.9137
  66.0    24.0   271.133     12.6361
  72.0    24.0   258.144     10.4463
  78.0    24.0   235.683     10.7347
  84.0    24.0   223.893     14.7099
  90.0    24.0   223.462     19.5227
  96.0    24.0   225.837     21.5578
 102.0    24.0   227.262     18.3733
 108.0    24.0   225.193     10.9366
 114.0    24.0   205.977      3.4465
 120.0    24.0    99.495      2.0212
 126.0    24.0    72.357      2.3440
 132.0    24.0    44.349      1.6614
 138.0    24.0    23.137      1.8574
 144.0    24.0    33.308      2.3069
 150.0    24.0    52.900      2.4586
 156.0    24.0    72.097      2.1498
 162.0    24.0    89.850      1.2207
 168.0    24.0   236.424      0.4747
 174.0    24.0   266.414      2.1159
 180.0    24.0   278.158      2.8325
 186.0    24.0   300.909      2.1804
 192.0    24.0     0.209      1.4484
 198.0    24.0    57.106      1.8922
 204.0    24.0    85.407      2.5514
 210.0    24.0    97.924      3.5451
 216.0    24.0   103.859      4.7784
 222.0    24.0   114.215      5.3398
 228.0    24.0   134.720      4.7452
 234.0    24.0   162.253      3.7156
 240.0    24.0   177.136      2.1982
 246.0    24.0    78.425      0.7428
 252.0    24.0    22.104      2.9266
 258.0    24.0   351.575      5.5243
 264.0    24.0   330.577      9.9065
 270.0    24.0   321.679     14.7130
 276.0    24.0   316.841     17.6123
 282.0    24.0   311.031     18.0182
 288.0    24.0   302.341     16.8535
 294.0    24.0   291.001     15.0453
 300.0    24.0   277.066     13.2382
 306.0    24.0   262.147     12.5374
 312.0    24.0   253.035     13.4513
 318.0    24.0   251.686     14.9055
 324.0    24.0   252.911     15.4212
 330.0    24.0   252.544     14.2889
 336.0    24.0   250.370     12.2285
 342.0    24.0   249.957     10.5306
 348.0    24.0   253.597      9.7476
 354.0    24.0   257.611      9.5393
   0.0    18.0   268.859     10.9078
   6.0    18.0   270.386     11.5432
  12.0    18.0   273.721     12.8391
  18.0    18.0   277.274     14.0391
  24.0    18.0   278.521     13.8455
  30.0    18.0   276.652     12.1789
  36.0    18.0   272.948     10.6463
  42.0    18.0   271.684     10.8346
  48.0    18.0   274.368     12.7568
  54.0    18.0   277.840     14.9606
  60.0    18.0   279.981     15.6308
  66.0    18.0   279.486     13.9370
  72.0    18.0   273.117     10.8668
  78.0    18.0   256.091      9.2174
  84.0    18.0   239.822     11.4653
  90.0    18.0   234.634     16.2581
  96.0    18.0   233.201     19.8698
 102.0    18.0   231.321     18.8911
 108.0    18.0   227.551     13.0809
 114.0    18.0   218.671      5.7464
 120.0    18.0   153.475      1.0492
 126.0    18.0    69.161      2.2807
 132.0    18.0    66.808      3.1221
 138.0    18.0    73.668      3.7940
 144.0    18.0    82.185      4.1945
 150.0    18.0    91.823      4.0834
 156.0    18.0    99.887      3.7680
 162.0    18.0   103.009      3.2639
 168.0    18.0   104.850      2.1383
 174.0    18.0   109.559      0.4971
 180.0    18.0   332.877      0.7136
 186.0    18.0    25.367      1.9156
 192.0    18.0    54.394      3.9662
 198.0    18.0    70.331      5.4021
 204.0    18.0    81.898      5.8296
 210.0    18.0    88.691      6.2999
 216.0    18.0    93.968      7.3029
 222.0    18.0   105.153      7.8346
 228.0    18.0   125.997      7.1177
 234.0    18.0   153.475      5.7278
 240.0    18.0   178.548      3.6036
 246.0    18.0   253.333      0.8842
 252.0    18.0   333.443      3.9482
 258.0    18.0   329.738      8.4086
 264.0    18.0   324.825     13.3782
 270.0    18.0   322.756     17.1153
 276.0    18.0   320.054     18.0113
 282.0    18.0   312.121     16.6286
 288.0    18.0   297.602     15.1498
 294.0    18.0   281.901     14.5148
 300.0    18.0   268.859     13.9104
 306.0    18.0   258.858     13.4648
 312.0    18.0   254.840     13.9854
 318.0    18.0   256.569     15.2596
 324.0    18.0   258.365     15.9907
 330.0    18.0   256.541     15.1015
 336.0    18.0   252.490     13.1514
 342.0    18.0   252.207     11.4315
 348.0    18.0   258.781     10.6490
 354.0    18.0   265.927     10.6648
   0.0    12.0   276.669     13.1406
   6.0    12.0   276.291     14.0172
  12.0    12.0   276.330     15.3380
  18.0    12.0   275.422     16.3538
  24.0    12.0   272.172     16.0355
  30.0    12.0   267.663     14.6115
  36.0    12.0   265.675     13.4887
  42.0    12.0   268.896     13.9038
  48.0    12.0   274.175     15.9495
  54.0    12.0   277.870     18.3785
  60.0    12.0   279.521     19.4837
  66.0    12.0   279.673     18.1052
  72.0    12.0   278.826     14.4946
  78.0    12.0   276.559     10.7499
  84.0    12.0   269.947      9.6646
  90.0    12.0   260.193     12.2440
  96.0    12.0   252.204     16.0786
 102.0    12.0   246.034     17.1517
 108.0    12.0   241.236     13.7024
 114.0    12.0   238.750      7.6757
 120.0    12.0   242.330      2.2738
 126.0    12.0    62.269      1.2417
 132.0    12.0    76.436      3.6965
 138.0    12.0    84.513      5.5072
 144.0    12.0    90.290      6.0144
 150.0    12.0    96.524      5.4181
 156.0    12.0   100.859      4.9007
 162.0    12.0   100.310      4.7925
 168.0    12.0    99.580      4.1767
 174.0    12.0   100.039      2.6455
 180.0    12.0    80.256      1.6613
 186.0    12.0    61.905      3.1804
 192.0    12.0    68.045      5.8787
 198.0    12.0    77.299      7.6075
 204.0    12.0    85.332      7.9915
 210.0    12.0    88.729      8.4370
 216.0    12.0    90.991      9.7279
 222.0    12.0    99.448     10.5824
 228.0    12.0   116.137      9.5903
 234.0    12.0   140.280      6.9454
 240.0    12.0   179.898      3.4799
 246.0    12.0   277.597      3.4192
 252.0    12.0   306.357      7.7707
 258.0    12.0   312.844     12.4095
 264.0    12.0   317.951     16.3545
 270.0    12.0   323.911     18.2766
 276.0    12.0   327.209     17.3689
 282.0    12.0   321.661     14.5779
 288.0    12.0   303.950     12.6209
 294.0    12.0   284.656     12.5882
 300.0    12.0   270.964     12.5356
 306.0    12.0   260.865     12.1678
 312.0    12.0   257.239     12.7362
 318.0    12.0   260.502     14.4415
 324.0    12.0   263.759     15.9411
 330.0    12.0   263.156     15.6741
 336.0    12.0   260.663     13.9356
 342.0    12.0   262.124     12.3031
 348.0    12.0   269.331     11.8948
 354.0    12.0   275.316     12.4622
   0.0     6.0   277.934     15.6686
   6.0     6.0   277.502     16.2494
  12.0     6.0   277.068     16.8452
  18.0     6.0   273.486     17.2783
  24.0     6.0   266.559     17.2756
  30.0     6.0   260.986     17.0032
  36.0     6.0   261.805     16.8555
  42.0     6.0   268.071     17.6216
  48.0     6.0   273.785     19.6572
  54.0     6.0   275.914     22.2540
  60.0     6.0   275.495     24.0837
  66.0     6.0   274.153     23.3677
  72.0     6.0   273.571     19.0897
  78.0     6.0   277.433     12.9943
  84.0     6.0   289.043      9.3803
  90.0     6.0   290.996     10.4143
  96.0     6.0   279.531     13.8605
 102.0     6.0   268.399     16.0619
 108.0     6.0   261.132     14.3170
 114.0     6.0   258.418      9.4175
 120.0     6.0   261.528      4.0806
 126.0     6.0    58.214      0.3064
 132.0     6.0    87.335      3.7703
 138.0     6.0    90.077      6.0420
 144.0     6.0    91.798      6.4137
 150.0     6.0    94.997      5.6181
 156.0     6.0    97.588      5.3291
 162.0     6.0    96.972      5.8272
 168.0     6.0    97.104      5.7102
 174.0     6.0    99.182      4.3124
 180.0     6.0    92.667      3.1679
 186.0     6.0    77.271      4.2856
 192.0     6.0    76.849      6.8248
 198.0     6.0    83.847      8.4144
 204.0     6.0    91.271      8.7145
 210.0     6.0    93.130      9.2019
 216.0     6.0    92.490     10.6854
 222.0     6.0    97.649     11.7240
 228.0     6.0   110.009     10.4730
 234.0     6.0   129.020      6.7034
 240.0     6.0   194.360      2.0471
 246.0     6.0   288.216      6.1205
 252.0     6.0   298.339     11.6530
 258.0     6.0   303.329     15.8025
 264.0     6.0   311.751     18.0120
 270.0     6.0   323.369     18.1375
 276.0     6.0   332.511     16.2949
 282.0     6.0   331.034     13.1318
 288.0     6.0   313.784     10.9780
 294.0     6.0   293.393     11.0397
 300.0     6.0   279.082     11.0470
 306.0     6.0   266.555     10.6472
 312.0     6.0   259.831     11.4448
 318.0     6.0   262.460     13.6666
 324.0     6.0   267.100     15.9021
 330.0     6.0   269.102     16.3363
 336.0     6.0   269.849     14.9879
 342.0     6.0   272.799     13.6811
 348.0     6.0   277.218     13.7823
 354.0     6.0   278.791     14.7995
   0.0    -0.0   273.831     18.5003
   6.0    -0.0   275.313     18.3435
  12.0    -0.0   277.211     17.6513
  18.0    -0.0   273.515     17.1268
  24.0    -0.0   264.372     17.4742
  30.0    -0.0   258.668     18.6942
  36.0    -0.0   261.339     19.8673
  42.0    -0.0   268.378     21.0289
  48.0    -0.0   273.076     22.5641
  54.0    -0.0   272.986     24.6188
  60.0    -0.0   270.050     26.7423
  66.0    -0.0   266.423     26.7906
  72.0    -0.0   263.123     22.3622
  78.0    -0.0   263.192     14.2375
  84.0    -0.0   281.032      7.6596
  90.0    -0.0   304.712      8.3259
  96.0    -0.0   296.023     12.6008
 102.0    -0.0   282.669     16.0561
 108.0    -0.0   273.336     15.5995
 114.0    -0.0   268.027     11.2379
 120.0    -0.0   264.827      5.4762
 126.0    -0.0   213.256      0.5149
 132.0    -0.0    97.175      3.6208
 138.0    -0.0    93.092      5.6447
 144.0    -0.0    91.443      5.6891
 150.0    -0.0    93.002      4.9885
 156.0    -0.0    94.968      5.2307
 162.0    -0.0    93.805      6.3257
 168.0    -0.0    92.876      6.5823
 174.0    -0.0    93.311      5.3595
 180.0    -0.0    89.343      4.2939
 186.0    -0.0    80.383      5.1357
 192.0    -0.0    80.059      7.0583
 198.0    -0.0    87.363      8.0491
 204.0    -0.0    96.519      8.0757
 210.0    -0.0    99.104      8.4625
 216.0    -0.0    96.767      9.7059
 222.0    -0.0    99.423     10.4466
 228.0    -0.0   109.464      8.9668
 234.0    -0.0   127.283      5.0047
 240.0    -0.0   247.837      1.8783
 246.0    -0.0   289.686      7.9145
 252.0    -0.0   293.643     13.4199
 258.0    -0.0   296.862     16.8584
 264.0    -0.0   305.207     17.7292
 270.0    -0.0   317.974     16.5595
 276.0    -0.0   328.302     14.0815
 282.0    -0.0   326.675     11.0797
 288.0    -0.0   309.661      9.7334
 294.0    -0.0   293.509     10.5102
 300.0    -0.0   283.182     10.9276
 306.0    -0.0   271.782     10.7155
 312.0    -0.0   262.758     11.5750
 318.0    -0.0   262.700     13.7740
 324.0    -0.0   266.957     15.9981
 330.0    -0.0   270.539     16.7137
 336.0    -0.0   273.417     15.9031
 342.0    -0.0   276.385     15.2535
 348.0    -0.0   277.329     15.9953
 354.0    -0.0   275.365     17.5311
   0.0    -6.0   269.396     21.8154
   6.0    -6.0   273.333     20.9949
  12.0    -6.0   278.372     19.1858
  18.0    -6.0   276.772     17.6989
  24.0    -6.0   267.171     17.8656
  30.0    -6.0   260.611     19.9089
  36.0    -6.0   262.613     21.9657
  42.0    -6.0   268.266     23.0066
  48.0    -6.0   271.107     23.2217
  54.0    -6.0   268.518     23.7477
  60.0    -6.0   262.825     25.4468
  66.0    -6.0   256.905     26.5143
  72.0    -6.0   250.760     23.6679
  78.0    -6.0   244.306     16.2813
  84.0    -6.0   245.692      8.0528
  90.0    -6.0   284.909      5.7515
  96.0    -6.0   293.403     10.5739
 102.0    -6.0   283.626     15.3923
 108.0    -6.0   274.828     16.3968
 114.0    -6.0   268.450     12.8942
 120.0    -6.0   262.387      7.0389
 126.0    -6.0   234.421      1.5079
 132.0    -6.0   100.612      2.8865
 138.0    -6.0    90.715      4.5467
 144.0    -6.0    88.215      4.3137
 150.0    -6.0    92.317      3.8268
 156.0    -6.0    95.396      4.6150
 162.0    -6.0    92.145      6.1436
 168.0    -6.0    88.445      6.6796
 174.0    -6.0    86.135      5.7547
 180.0    -6.0    82.587      4.9331
 186.0    -6.0    77.647      5.5401
 192.0    -6.0    77.959      6.6640
 198.0    -6.0    85.692      6.7676
 204.0    -6.0    98.301      6.2968
 210.0    -6.0   104.501      6.4903
 216.0    -6.0   102.625      7.3013
 222.0    -6.0   104.740      7.4991
 228.0    -6.0   117.038      5.9195
 234.0    -6.0   151.804      2.8917
 240.0    -6.0   258.807      3.4365
 246.0    -6.0   282.826      8.3284
 252.0    -6.0   286.637     12.7748
 258.0    -6.0   288.796     15.5047
 264.0    -6.0   294.291     15.9312
 270.0    -6.0   301.671     14.3526
 276.0    -6.0   304.283     11.6496
 282.0    -6.0   295.763      9.4913
 288.0    -6.0   284.263      9.5740
 294.0    -6.0   281.474     10.9335
 300.0    -6.0   280.678     11.9102
 306.0    -6.0   275.069     12.2232
 312.0    -6.0   267.076     12.9497
 318.0    -6.0   263.458     14.5151
 324.0    -6.0   264.356     16.0447
 330.0    -6.0   266.634     16.5989
 336.0    -6.0   269.374     16.3422
 342.0    -6.0   271.839     16.6214
 348.0    -6.0   271.704     18.3250
 354.0    -6.0   269.598     20.6491
   0.0   -12.0   268.280     24.5536
   6.0   -12.0   274.066     24.0121
  12.0   -12.0   280.525     22.3108
  18.0   -12.0   280.699     20.5376
  24.0   -12.0   272.388     20.0110
  30.0   -12.0   264.613     21.4467
  36.0   -12.0   263.984     22.9958
  42.0   -12.0   266.971     22.9169
  48.0   -12.0   267.489     21.2148
  54.0   -12.0   262.128     19.7855
  60.0   -12.0   253.854     20.7234
  66.0   -12.0   247.495     22.9878
  72.0   -12.0   242.444     23.0241
  78.0   -12.0   237.540     18.7238
  84.0   -12.0   237.196     11.9087
  90.0   -12.0   259.665      7.6984
  96.0   -12.0   282.813     10.3087
 102.0   -12.0   281.433     14.7352
 108.0   -12.0   274.987     16.4641
 114.0   -12.0   269.178     14.0740
 120.0   -12.0   264.259      8.7422
 126.0   -12.0   257.729      2.8764
 132.0   -12.0    84.362      1.4016
 138.0   -12.0    75.437      3.0117
 144.0   -12.0    75.508      2.5791
 150.0   -12.0    93.466      2.1737
 156.0   -12.0   102.125      3.3650
 162.0   -12.0    95.279      5.1105
 168.0   -12.0    88.513      5.8443
 174.0   -12.0    84.647      5.2788
 180.0   -12.0    81.638      4.7396
 186.0   -12.0    76.898      5.1315
 192.0   -12.0    74.188      5.5612
 198.0   -12.0    78.552      4.8468
 204.0   -12.0    94.580      3.7323
 210.0   -12.0   109.208      3.6946
 216.0   -12.0   109.811      4.2578
 222.0   -12.0   113.646      4.1885
 228.0   -12.0   138.420      2.9592
 234.0   -12.0   208.136      2.5211
 240.0   -12.0   256.511      4.7613
 246.0   -12.0   273.133      7.8966
 252.0   -12.0   277.529     10.9396
 258.0   -12.0   278.225     13.2896
 264.0   -12.0   278.550     14.4749
 270.0   -12.0   276.713     14.3619
 276.0   -12.0   269.886     13.4709
 282.0   -12.0   261.391     12.7155
 288.0   -12.0   260.379     12.2294
 294.0   -12.0   269.190     12.1322
 300.0   -12.0   278.103     12.7826
 306.0   -12.0   278.785     13.4866
 312.0   -12.0   272.973     14.0524
 318.0   -12.0   266.375     14.8749
 324.0   -12.0   262.141     15.8139
 330.0   -12.0   260.421     16.4547
 336.0   -12.0   261.276     16.8854
 342.0   -12.0   263.866     17.9586
 348.0   -12.0   265.550     20.2832
 354.0   -12.0   266.050     23.0509
   0.0   -18.0   270.469     25.0031
   6.0   -18.0   276.944     25.9880
  12.0   -18.0   282.311     25.9327
  18.0   -18.0   282.160     24.8924
  24.0   -18.0   275.523     23.7352
  30.0   -18.0   267.871     23.4568
  36.0   -18.0   264.794     23.1064
  42.0   -18.0   264.976     21.1965
  48.0   -18.0   263.318     17.7211
  54.0   -18.0   256.004     14.7533
  60.0   -18.0   247.554     14.8097
  66.0   -18.0   245.357     17.5317
  72.0   -18.0   246.682     19.9347
  78.0   -18.0   249.228     19.0918
  84.0   -18.0   256.168     15.1131
  90.0   -18.0   273.209     11.7722
  96.0   -18.0   289.040     12.2445
 102.0   -18.0   289.743     14.4637
 108.0   -18.0   283.448     15.5790
 114.0   -18.0   277.083     14.0169
 120.0   -18.0   273.305      9.7460
 126.0   -18.0   277.540      4.4610
 132.0   -18.0   342.494      1.4387
 138.0   -18.0    24.619      2.1214
 144.0   -18.0    12.852      1.4712
 150.0   -18.0    25.231      0.1163
 156.0   -18.0   126.166      1.6041
 162.0   -18.0   107.581      3.3404
 168.0   -18.0    97.463      4.1424
 174.0   -18.0    94.138      3.8524
 180.0   -18.0    92.243      3.5057
 186.0   -18.0    83.815      3.6491
 192.0   -18.0    72.558      3.5924
 198.0   -18.0    64.349      2.5001
 204.0   -18.0    73.526      0.9058
 210.0   -18.0   142.019      0.7633
 216.0   -18.0   134.019      1.3210
 222.0   -18.0   136.443      1.3901
 228.0   -18.0   198.863      1.3241
 234.0   -18.0   244.215      3.0902
 240.0   -18.0   260.493      5.2142
 246.0   -18.0   269.314      7.1438
 252.0   -18.0   272.079      9.1237
 258.0   -18.0   270.477     11.4403
 264.0   -18.0   266.549     14.0215
 270.0   -18.0   260.745     16.3099
 276.0   -18.0   253.849     17.5362
 282.0   -18.0   248.770     17.0317
 288.0   -18.0   250.151     14.8000
 294.0   -18.0   261.857     12.4629
 300.0   -18.0   277.190     12.0384
 306.0   -18.0   283.073     12.8153
 312.0   -18.0   279.323     13.4728
 318.0   -18.0   270.957     14.1346
 324.0   -18.0   262.280     15.2303
 330.0   -18.0   256.443     16.6013
 336.0   -18.0   255.058     17.7971
 342.0   -18.0   257.655     18.9682
 348.0   -18.0   261.731     20.7385
 354.0   -18.0   265.631     23.0416
   0.0   -24.0   274.328     22.4733
   6.0   -24.0   280.306     25.3668
  12.0   -24.0   283.201     27.5966
  18.0   -24.0   281.686     28.0215
  24.0   -24.0   276.213     26.7906
  30.0   -24.0   269.763     24.8601
  36.0   -24.0   265.717     22.3850
  42.0   -24.0   264.095     18.8619
  48.0   -24.0   261.892     14.4615
  54.0   -24.0   257.251     10.8039
  60.0   -24.0   256.091     10.0251
  66.0   -24.0   262.585     12.7644
  72.0   -24.0   269.217     17.1335
  78.0   -24.0   274.773     19.6730
  84.0   -24.0   282.363     18.7832
  90.0   -24.0   294.167     16.2703
  96.0   -24.0   305.552     14.7893
 102.0   -24.0   307.596     14.4584
 108.0   -24.0   300.729     14.1257
 114.0   -24.0   291.883     12.7997
 120.0   -24.0   286.881      9.8027
 126.0   -24.0   292.528      5.9273
 132.0   -24.0   319.845      3.6127
 138.0   -24.0   335.926      3.4440
 144.0   -24.0   319.633      3.1631
 150.0   -24.0   287.606      2.4117
 156.0   -24.0   234.779      1.3310
 162.0   -24.0   150.810      1.5075
 168.0   -24.0   125.825      2.1410
 174.0   -24.0   126.212      2.0978
 180.0   -24.0   129.865      1.9100
 186.0   -24.0   117.003      1.6057
 192.0   -24.0    82.673      0.9539
 198.0   -24.0   324.028      0.6916
 204.0   -24.0   276.926      1.8548
 210.0   -24.0   260.925      2.2603
 216.0   -24.0   251.220      1.6956
 222.0   -24.0   251.739      1.2301
 228.0   -24.0   261.792      1.9136
 234.0   -24.0   265.798      3.5676
 240.0   -24.0   268.922      5.2605
 246.0   -24.0   271.926      6.5589
 252.0   -24.0   272.263      7.8960
 258.0   -24.0   268.299     10.0386
 264.0   -24.0   261.696     13.2685
 270.0   -24.0   254.634     16.7714
 276.0   -24.0   248.229     18.8854
 282.0   -24.0   243.734     18.2239
 288.0   -24.0   243.867     14.9033
 294.0   -24.0   253.778     10.9806
 300.0   -24.0   273.397      9.2478
 306.0   -24.0   285.387      9.8491
 312.0   -24.0   283.905     10.9929
 318.0   -24.0   274.681     12.3733
 324.0   -24.0   263.676     14.4235
 330.0   -24.0   255.720     16.8165
 336.0   -24.0   252.673     18.4833
 342.0   -24.0   254.399     18.9859
 348.0   -24.0   259.815     19.1693
 354.0   -24.0   267.031     20.2070
   0.0   -30.0   277.985     17.8220
   6.0   -30.0   282.948     21.7380
  12.0   -30.0   283.461     25.5399
  18.0   -30.0   280.880     27.3714
  24.0   -30.0   276.401     26.6584
  30.0   -30.0   271.604     24.0782
  36.0   -30.0   268.149     20.5147
  42.0   -30.0   266.545     16.4383
  48.0   -30.0   266.516     12.2921
  54.0   -30.0   270.432      9.2143
  60.0   -30.0   281.620      9.0745
  66.0   -30.0   290.358     12.7263
  72.0   -30.0   293.001     18.0660
  78.0   -30.0   294.464     21.6407
  84.0   -30.0   298.132     21.3944
  90.0   -30.0   306.148     18.3213
  96.0   -30.0   317.126     15.2330
 102.0   -30.0   322.882     13.4311
 108.0   -30.0   318.002     12.2597
 114.0   -30.0   307.494     11.1085
 120.0   -30.0   300.021      9.3830
 126.0   -30.0   301.777      7.1664
 132.0   -30.0   312.558      5.7424
 138.0   -30.0   316.369      5.4920
 144.0   -30.0   305.147      5.3530
 150.0   -30.0   286.034      4.7053
 156.0   -30.0   263.439      3.4732
 162.0   -30.0   235.461      2.2724
 168.0   -30.0   210.734      1.8222
 174.0   -30.0   205.682      1.9540
 180.0   -30.0   207.908      2.1483
 186.0   -30.0   214.760      1.9628
 192.0   -30.0   240.517      1.8625
 198.0   -30.0   262.551      2.7994
 204.0   -30.0   265.165      3.9506
 210.0   -30.0   262.446      4.1980
 216.0   -30.0   261.254      3.4313
 222.0   -30.0   265.979      2.6150
 228.0   -30.0   272.364      2.7884
 234.0   -30.0   272.242      3.9428
 240.0   -30.0   270.681      5.3183
 246.0   -30.0   270.031      6.3604
 252.0   -30.0   268.580      7.3262
 258.0   -30.0   263.941      8.9959
 264.0   -30.0   256.753     11.7886
 270.0   -30.0   249.320     14.9998
 276.0   -30.0   242.665     16.9697
 282.0   -30.0   237.207     16.2984
 288.0   -30.0   234.259     13.0280
 294.0   -30.0   238.105      8.7610
 300.0   -30.0   257.179      5.8998
 306.0   -30.0   279.675      5.9760
 312.0   -30.0   282.532      7.6774
 318.0   -30.0   273.638     10.1370
 324.0   -30.0   262.980     13.3343
 330.0   -30.0   255.348     16.4811
 336.0   -30.0   251.773     18.1567
 342.0   -30.0   252.460     17.7161
 348.0   -30.0   258.134     16.2092
 354.0   -30.0   268.279     15.7730
   0.0   -36.0   279.482     12.6142
   6.0   -36.0   284.033     16.1489
  12.0   -36.0   283.341     20.0484
  18.0   -36.0   280.689     22.4560
  24.0   -36.0   277.594     22.4418
  30.0   -36.0   274.928     20.3259
  36.0   -36.0   273.389     17.1163
  42.0   -36.0   273.505     13.7320
  48.0   -36.0   276.437     10.8458
  54.0   -36.0   284.683      9.3607
  60.0   -36.0   295.490     10.4503
  66.0   -36.0   300.571     14.0746
  72.0   -36.0   300.638     18.3163
  78.0   -36.0   299.751     20.5870
  84.0   -36.0   300.774     19.3707
  90.0   -36.0   306.438     15.5399
  96.0   -36.0   318.186     11.8192
 102.0   -36.0   328.517     10.0321
 108.0   -36.0   326.866      9.4997
 114.0   -36.0   316.868      9.3362
 120.0   -36.0   308.260      8.9808
 126.0   -36.0   305.706      8.1921
 132.0   -36.0   306.963      7.4772
 138.0   -36.0   304.619      7.1663
 144.0   -36.0   294.784      6.9387
 150.0   -36.0   280.293      6.4309
 156.0   -36.0   265.246      5.5482
 162.0   -36.0   252.650      4.5902
 168.0   -36.0   244.840      4.0160
 174.0   -36.0   241.102      3.9482
 180.0   -36.0   239.084      4.0546
 186.0   -36.0   240.344      4.0503
 192.0   -36.0   247.514      4.1600
 198.0   -36.0   256.249      4.7346
 204.0   -36.0   260.518      5.3982
 210.0   -36.0   261.362      5.3855
 216.0   -36.0   262.111      4.5347
 222.0   -36.0   265.213      3.5426
 228.0   -36.0   268.458      3.2849
 234.0   -36.0   266.767      3.9581
 240.0   -36.0   262.787      5.0736
 246.0   -36.0   259.306      6.0767
 252.0   -36.0   255.980      6.9510
 258.0   -36.0   251.548      8.1991
 264.0   -36.0   245.781     10.1738
 270.0   -36.0   239.529     12.4324
 276.0   -36.0   233.346     13.8182
 282.0   -36.0   227.406     13.3083
 288.0   -36.0   222.242     10.8486
 294.0   -36.0   220.108      7.4162
 300.0   -36.0   228.909      4.4653
 306.0   -36.0   256.488      3.6331
 312.0   -36.0   269.540      5.2153
 318.0   -36.0   265.245      8.0920
 324.0   -36.0   258.073     11.6488
 330.0   -36.0   252.679     14.7880
 336.0   -36.0   249.860     16.1227
 342.0   -36.0   250.194     15.0965
 348.0   -36.0   255.525     12.7416
 354.0   -36.0   267.457     11.3184
   0.0   -42.0   276.673      8.0129
   6.0   -42.0   282.333     10.2337
  12.0   -42.0   282.467     13.0293
  18.0   -42.0   281.299     15.0624
  24.0   -42.0   280.617     15.5134
  30.0   -42.0   281.041     14.4359
  36.0   -42.0   282.738     12.5202
  42.0   -42.0   285.688     10.5588
  48.0   -42.0   290.157      9.1959
  54.0   -42.0   295.975      9.0225
  60.0   -42.0   300.365     10.4192
  66.0   -42.0   300.887     12.9990
  72.0   -42.0   298.535     15.4767
  78.0   -42.0   295.322     16.2816
  84.0   -42.0   293.108     14.5957
  90.0   -42.0   294.543     11.1096
  96.0   -42.0   303.905      7.8186
 102.0   -42.0   318.468      6.6024
 108.0   -42.0   322.749      7.1796
 114.0   -42.0   317.583      8.2139
 120.0   -42.0   311.369      8.8689
 126.0   -42.0   307.055      8.8518
 132.0   -42.0   303.187      8.4303
 138.0   -42.0   296.516      7.9988
 144.0   -42.0   285.734      7.7276
 150.0   -42.0   273.336      7.5453
 156.0   -42.0   262.949      7.2564
 162.0   -42.0   256.579      6.8231
 168.0   -42.0   253.926      6.4310
 174.0   -42.0   252.797      6.1957
 180.0   -42.0   251.650      6.0230
 186.0   -42.0   251.444      5.8595
 192.0   -42.0   253.770      5.8573
 198.0   -42.0   257.684      6.1388
 204.0   -42.0   260.627      6.4381
 210.0   -42.0   261.869      6.2509
 216.0   -42.0   262.248      5.4028
 222.0   -42.0   262.347      4.3027
 228.0   -42.0   261.056      3.6021
 234.0   -42.0   256.768      3.6527
 240.0   -42.0   251.227      4.3102
 246.0   -42.0   246.410      5.1935
 252.0   -42.0   242.276      6.1164
 258.0   -42.0   238.260      7.2074
 264.0   -42.0   234.073      8.5885
 270.0   -42.0   229.735      9.9940
 276.0   -42.0   225.373     10.7766
 282.0   -42.0   221.218     10.3514
 288.0   -42.0   217.886      8.6764
 294.0   -42.0   217.113      6.3452
 300.0   -42.0   223.369      4.3040
 306.0   -42.0   240.107      3.5386
 312.0   -42.0   252.020      4.4564
 318.0   -42.0   252.470      6.5934
 324.0   -42.0   249.573      9.2822
 330.0   -42.0   247.124     11.5369
 336.0   -42.0   246.012     12.3275
 342.0   -42.0   246.951     11.2918
 348.0   -42.0   251.873      9.1804
 354.0   -42.0   263.423      7.6131
   0.0   -48.0   265.641      4.5076
   6.0   -48.0   273.840      5.3111
  12.0   -48.0   278.226      6.6460
  18.0   -48.0   281.660      7.8422
  24.0   -48.0   285.926      8.4363
  30.0   -48.0   291.529      8.3722
  36.0   -48.0   298.070      7.9135
  42.0   -48.0   304.488      7.4173
  48.0   -48.0   309.408      7.2214
  54.0   -48.0   311.373      7.6123
  60.0   -48.0   309.622      8.6937
  66.0   -48.0   304.924     10.2036
  72.0   -48.0   298.778     11.4921
  78.0   -48.0   292.459     11.8096
  84.0   -48.0   287.227     10.7973
  90.0   -48.0   285.311      8.8210
  96.0   -48.0   290.644      6.9081
 102.0   -48.0   303.470      6.2428
 108.0   -48.0   312.875      6.9859
 114.0   -48.0   314.470      8.1232
 120.0   -48.0   312.093      8.8046
 126.0   -48.0   307.978      8.7945
 132.0   -48.0   301.867      8.3521
 138.0   -48.0   292.805      7.9359
 144.0   -48.0   281.702      7.8799
 150.0   -48.0   271.696      8.1584
 156.0   -48.0   265.127      8.4704
 162.0   -48.0   262.092      8.5854
 168.0   -48.0   261.287      8.4729
 174.0   -48.0   261.099      8.1788
 180.0   -48.0   260.691      7.7648
 186.0   -48.0   260.403      7.3705
 192.0   -48.0   260.926      7.1853
 198.0   -48.0   262.014      7.2653
 204.0   -48.0   262.595      7.3863
 210.0   -48.0   261.992      7.1674
 216.0   -48.0   260.096      6.4014
 222.0   -48.0   256.747      5.2590
 228.0   -48.0   251.501      4.1759
 234.0   -48.0   244.653      3.5440
 240.0   -48.0   238.488      3.4791
 246.0   -48.0   234.774      3.8580
 252.0   -48.0   232.815      4.5298
 258.0   -48.0   231.363      5.4141
 264.0   -48.0   229.817      6.4137
 270.0   -48.0   228.219      7.2951
 276.0   -48.0   226.992      7.7139
 282.0   -48.0   226.799      7.4177
 288.0   -48.0   228.538      6.4624
 294.0   -48.0   233.109      5.2451
 300.0   -48.0   239.990      4.2953
 306.0   -48.0   245.144      3.9658
 312.0   -48.0   244.934      4.3380
 318.0   -48.0   241.905      5.3262
 324.0   -48.0   239.741      6.6057
 330.0   -48.0   239.263      7.6208
 336.0   -48.0   240.108      7.8474
 342.0   -48.0   242.221      7.1261
 348.0   -48.0   246.477      5.8322
 354.0   -48.0   254.612      4.7244
   0.0   -54.0   237.848      2.5282
   6.0   -54.0   243.536      2.4050
  12.0   -54.0   256.590      2.4759
  18.0   -54.0   274.790      2.7501
  24.0   -54.0   293.373      3.2343
  30.0   -54.0   308.898      3.8501
  36.0   -54.0   320.495      4.4715
  42.0   -54.0   328.384      5.0305
  48.0   -54.0   332.516      5.5656
  54.0   -54.0   332.444      6.1694
  60.0   -54.0   328.198      6.8949
  66.0   -54.0   320.938      7.6879
  72.0   -54.0   312.482      8.3643
  78.0   -54.0   304.554      8.6835
  84.0   -54.0   298.674      8.5140
  90.0   -54.0   296.399      7.9790
  96.0   -54.0   298.791      7.4567
 102.0   -54.0   304.495      7.3462
 108.0   -54.0   309.673      7.6791
 114.0   -54.0   311.902      8.0850
 120.0   -54.0   311.188      8.2025
 126.0   -54.0   307.925      7.9737
 132.0   -54.0   302.031      7.6370
 138.0   -54.0   293.812      7.5417
 144.0   -54.0   285.097      7.8984
 150.0   -54.0   278.168      8.6172
 156.0   -54.0   273.825      9.3982
 162.0   -54.0   271.502      9.9464
 168.0   -54.0   270.247     10.0947
 174.0   -54.0   269.300      9.8306
 180.0   -54.0   268.296      9.2901
 186.0   -54.0   267.222      8.7123
 192.0   -54.0   266.123      8.3242
 198.0   -54.0   264.757      8.1955
 204.0   -54.0   262.657      8.1742
 210.0   -54.0   259.466      7.9802
 216.0   -54.0   254.998      7.4018
 222.0   -54.0   249.106      6.4454
 228.0   -54.0   241.772      5.3300
 234.0   -54.0   233.687      4.3426
 240.0   -54.0   226.960      3.6764
 246.0   -54.0   224.235      3.3883
 252.0   -54.0   225.859      3.4726
 258.0   -54.0   229.326      3.8819
 264.0   -54.0   232.397      4.4781
 270.0   -54.0   234.816      5.0479
 276.0   -54.0   237.396      5.3870
 282.0   -54.0   240.970      5.3974
 288.0   -54.0   245.749      5.1341
 294.0   -54.0   250.703      4.7456
 300.0   -54.0   253.485      4.3588
 306.0   -54.0   251.776      4.0540
 312.0   -54.0   245.576      3.9283
 318.0   -54.0   238.262      4.0387
 324.0   -54.0   233.643      4.2737
 330.0   -54.0   232.645      4.4200
 336.0   -54.0   234.032      4.3203
 342.0   -54.0   236.066      3.9455
 348.0   -54.0   237.269      3.3999
 354.0   -54.0   237.184      2.8731
   0.0   -60.0   212.365      2.1344
   6.0   -60.0   204.075      1.9373
  12.0   -60.0   201.443      1.5332
  18.0   -60.0   212.281      0.8907
  24.0   -60.0   289.132      0.5304
  30.0   -60.0   334.876      1.3385
  36.0   -60.0   344.509      2.3106
  42.0   -60.0   348.511      3.2088
  48.0   -60.0   349.965      4.0172
  54.0   -60.0   348.846      4.7590
  60.0   -60.0   344.945      5.4445
  66.0   -60.0   338.647      6.0620
  72.0   -60.0   330.958      6.5864
  78.0   -60.0   323.174      6.9863
  84.0   -60.0   316.503      7.2387
  90.0   -60.0   311.781      7.3527
  96.0   -60.0   309.258      7.3756
 102.0   -60.0   308.496      7.3596
 108.0   -60.0   308.563      7.3184
 114.0   -60.0   308.486      7.2315
 120.0   -60.0   307.544      7.1068
 126.0   -60.0   305.254      7.0334
 132.0   -60.0   301.443      7.1645
 138.0   -60.0   296.519      7.6350
 144.0   -60.0   291.403      8.4617
 150.0   -60.0   286.870      9.5003
 156.0   -60.0   283.154     10.4929
 162.0   -60.0   280.103     11.1759
 168.0   -60.0   277.452     11.3821
 174.0   -60.0   274.977     11.1017
 180.0   -60.0   272.529     10.4800
 186.0   -60.0   269.997      9.7522
 192.0   -60.0   267.235      9.1379
 198.0   -60.0   264.012      8.7419
 204.0   -60.0   260.089      8.5160
 210.0   -60.0   255.329      8.3050
 216.0   -60.0   249.721      7.9467
 222.0   -60.0   243.372      7.3643
 228.0   -60.0   236.567      6.5977
 234.0   -60.0   229.939      5.7674
 240.0   -60.0   224.591      5.0084
 246.0   -60.0   221.884      4.4243
 252.0   -60.0   222.626      4.0792
 258.0   -60.0   226.197      3.9890
 264.0   -60.0   230.943      4.0955
 270.0   -60.0   235.710      4.2767
 276.0   -60.0   240.385      4.4106
 282.0   -60.0   245.214      4.4328
 288.0   -60.0   250.054      4.3431
 294.0   -60.0   254.100      4.1675
 300.0   -60.0   256.212      3.9234
 306.0   -60.0   255.592      3.6288
 312.0   -60.0   252.389      3.3276
 318.0   -60.0   247.951      3.0741
 324.0   -60.0   244.228      2.8911
 330.0   -60.0   242.251      2.7615
 336.0   -60.0   241.134      2.6526
 342.0   -60.0   238.648      2.5326
 348.0   -60.0   232.742      2.3918
 354.0   -60.0   223.161      2.2568
   0.0   -66.0   221.454      2.1475
   6.0   -66.0   208.979      1.9299
  12.0   -66.0   198.996      1.6124
  18.0   -66.0   192.126      1.1504
  24.0   -66.0   189.620      0.5545
  30.0   -66.0   340.694      0.1364
  36.0   -66.0   356.506      0.8325
  42.0   -66.0   357.047      1.5222
  48.0   -66.0   356.406      2.1885
  54.0   -66.0   354.407      2.8309
  60.0   -66.0   350.688      3.4432
  66.0   -66.0   345.282      4.0121
  72.0   -66.0   338.631      4.5243
  78.0   -66.0   331.429      4.9695
  84.0   -66.0   324.421      5.3379
  90.0   -66.0   318.213      5.6207
  96.0   -66.0   313.177      5.8160
 102.0   -66.0   309.421      5.9386
 108.0   -66.0   306.829      6.0265
 114.0   -66.0   305.102      6.1438
 120.0   -66.0   303.786      6.3728
 126.0   -66.0   302.357      6.7955
 132.0   -66.0   300.397      7.4639
 138.0   -66.0   297.768      8.3699
 144.0   -66.0   294.591      9.4294
 150.0   -66.0   291.095     10.4895
 156.0   -66.0   287.469     11.3645
 162.0   -66.0   283.819     11.8905
 168.0   -66.0   280.186     11.9783
 174.0   -66.0   276.577     11.6428
 180.0   -66.0   272.976     10.9972
 186.0   -66.0   269.352     10.2113
 192.0   -66.0   265.635      9.4523
 198.0   -66.0   261.719      8.8307
 204.0   -66.0   257.489      8.3739
 210.0   -66.0   252.889      8.0365
 216.0   -66.0   247.970      7.7373
 222.0   -66.0   242.900      7.4035
 228.0   -66.0   237.953      7.0002
 234.0   -66.0   233.498      6.5369
 240.0   -66.0   229.959      6.0544
 246.0   -66.0   227.718      5.6033
 252.0   -66.0   226.977      5.2222
 258.0   -66.0   227.668      4.9231
 264.0   -66.0   229.547      4.6873
 270.0   -66.0   232.403      4.4766
 276.0   -66.0   236.207      4.2571
 282.0   -66.0   241.032      4.0192
 288.0   -66.0   246.810      3.7808
 294.0   -66.0   253.100      3.5693
 300.0   -66.0   259.130      3.3997
 306.0   -66.0   264.135      3.2676
 312.0   -66.0   267.672      3.1617
 318.0   -66.0   269.592      3.0751
 324.0   -66.0   269.803      3.0021
 330.0   -66.0   268.078      2.9288
 336.0   -66.0   264.023      2.8319
 342.0   -66.0   257.195      2.6933
 348.0   -66.0   247.353      2.5180
 354.0   -66.0   234.936      2.3318
   0.0   -72.0   241.690      2.4022
   6.0   -72.0   231.950      2.0439
  12.0   -72.0   222.864      1.6810
  18.0   -72.0   215.296      1.3062
  24.0   -72.0   210.218      0.9147
  30.0   -72.0   210.262      0.5103
  36.0   -72.0   249.770      0.1385
  42.0   -72.0   350.119      0.3737
  48.0   -72.0   355.986      0.7992
  54.0   -72.0   354.656      1.2375
  60.0   -72.0   351.102      1.6815
  66.0   -72.0   346.244      2.1267
  72.0   -72.0   340.578      2.5687
  78.0   -72.0   334.571      3.0041
  84.0   -72.0   328.677      3.4313
  90.0   -72.0   323.281      3.8516
  96.0   -72.0   318.647      4.2726
 102.0   -72.0   314.877      4.7111
 108.0   -72.0   311.900      5.1933
 114.0   -72.0   309.486      5.7514
 120.0   -72.0   307.309      6.4128
 126.0   -72.0   305.048      7.1882
 132.0   -72.0   302.479      8.0606
 138.0   -72.0   299.509      8.9809
 144.0   -72.0   296.157      9.8713
 150.0   -72.0   292.499     10.6380
 156.0   -72.0   288.629     11.1897
 162.0   -72.0   284.636     11.4588
 168.0   -72.0   280.594     11.4183
 174.0   -72.0   276.569     11.0897
 180.0   -72.0   272.619     10.5376
 186.0   -72.0   268.794      9.8534
 192.0   -72.0   265.133      9.1329
 198.0   -72.0   261.644      8.4548
 204.0   -72.0   258.310      7.8667
 210.0   -72.0   255.096      7.3824
 216.0   -72.0   251.982      6.9889
 222.0   -72.0   248.990      6.6591
 228.0   -72.0   246.196      6.3653
 234.0   -72.0   243.710      6.0866
 240.0   -72.0   241.657      5.8118
 246.0   -72.0   240.146      5.5361
 252.0   -72.0   239.274      5.2568
 258.0   -72.0   239.142      4.9700
 264.0   -72.0   239.892      4.6716
 270.0   -72.0   241.733      4.3622
 276.0   -72.0   244.933      4.0532
 282.0   -72.0   249.708      3.7713
 288.0   -72.0   255.993      3.5544
 294.0   -72.0   263.176      3.4365
 300.0   -72.0   270.134      3.4274
 306.0   -72.0   275.722      3.5028
 312.0   -72.0   279.274      3.6156
 318.0   -72.0   280.644      3.7150
 324.0   -72.0   279.961      3.7602
 330.0   -72.0   277.415      3.7242
 336.0   -72.0   273.154      3.5954
 342.0   -72.0   267.282      3.3778
 348.0   -72.0   259.906      3.0890
 354.0   -72.0   251.235      2.7554
   0.0   -78.0   241.672      2.2428
   6.0   -78.0   233.486      1.8955
  12.0   -78.0   224.374      1.5456
  18.0   -78.0   213.908      1.2007
  24.0   -78.0   200.781      0.8677
  30.0   -78.0   180.631      0.5607
  36.0   -78.0   138.251      0.3444
  42.0   -78.0    77.300      0.4057
  48.0   -78.0    46.325      0.6787
  54.0   -78.0    30.372      1.0129
  60.0   -78.0    19.366      1.3750
  66.0   -78.0    10.446      1.7596
  72.0   -78.0     2.634      2.1673
  78.0   -78.0   355.549      2.6005
  84.0   -78.0   349.033      3.0621
  90.0   -78.0   343.013      3.5553
  96.0   -78.0   337.436      4.0831
 102.0   -78.0   332.245      4.6473
 108.0   -78.0   327.367      5.2473
 114.0   -78.0   322.721      5.8784
 120.0   -78.0   318.225      6.5305
 126.0   -78.0   313.812      7.1860
 132.0   -78.0   309.430      7.8207
 138.0   -78.0   305.051      8.4038
 144.0   -78.0   300.666      8.9018
 150.0   -78.0   296.285      9.2822
 156.0   -78.0   291.931      9.5188
 162.0   -78.0   287.637      9.5958
 168.0   -78.0   283.446      9.5111
 174.0   -78.0   279.409      9.2774
 180.0   -78.0   275.583      8.9200
 186.0   -78.0   272.027      8.4737
 192.0   -78.0   268.799      7.9768
 198.0   -78.0   265.945      7.4663
 204.0   -78.0   263.491      6.9728
 210.0   -78.0   261.436      6.5181
 216.0   -78.0   259.753      6.1139
 222.0   -78.0   258.396      5.7625
 228.0   -78.0   257.318      5.4592
 234.0   -78.0   256.486      5.1951
 240.0   -78.0   255.895      4.9593
 246.0   -78.0   255.578      4.7414
 252.0   -78.0   255.601      4.5336
 258.0   -78.0   256.063      4.3317
 264.0   -78.0   257.077      4.1364
 270.0   -78.0   258.742      3.9535
 276.0   -78.0   261.090      3.7936
 282.0   -78.0   264.030      3.6693
 288.0   -78.0   267.301      3.5911
 294.0   -78.0   270.493      3.5618
 300.0   -78.0   273.150      3.5734
 306.0   -78.0   274.892      3.6081
 312.0   -78.0   275.496      3.6422
 318.0   -78.0   274.889      3.6516
 324.0   -78.0   273.099      3.6165
 330.0   -78.0   270.198      3.5240
 336.0   -78.0   266.271      3.3687
 342.0   -78.0   261.397      3.1529
 348.0   -78.0   255.640      2.8849
 354.0   -78.0   249.053      2.5769
   0.0   -84.0   189.943      1.5726
   6.0   -84.0   176.896      1.4478
  12.0   -84.0   161.878      1.3554
  18.0   -84.0   145.217      1.3091
  24.0   -84.0   127.761      1.3194
  30.0   -84.0   110.642      1.3895
  36.0   -84.0    94.763      1.5146
  42.0   -84.0    80.510      1.6856
  48.0   -84.0    67.848      1.8928
  54.0   -84.0    56.549      2.1286
  60.0   -84.0    46.353      2.3873
  66.0   -84.0    37.033      2.6649
  72.0   -84.0    28.410      2.9583
  78.0   -84.0    20.352      3.2650
  84.0   -84.0    12.759      3.5826
  90.0   -84.0     5.558      3.9082
  96.0   -84.0   358.693      4.2385
 102.0   -84.0   352.121      4.5693
 108.0   -84.0   345.807      4.8958
 114.0   -84.0   339.723      5.2121
 120.0   -84.0   333.847      5.5117
 126.0   -84.0   328.161      5.7876
 132.0   -84.0   322.652      6.0325
 138.0   -84.0   317.310      6.2395
 144.0   -84.0   312.132      6.4024
 150.0   -84.0   307.119      6.5161
 156.0   -84.0   302.274      6.5775
 162.0   -84.0   297.607      6.5854
 168.0   -84.0   293.131      6.5409
 174.0   -84.0   288.861      6.4474
 180.0   -84.0   284.814      6.3101
 186.0   -84.0   281.009      6.1361
 192.0   -84.0   277.463      5.9334
 198.0   -84.0   274.191      5.7104
 204.0   -84.0   271.203      5.4755
 210.0   -84.0   268.503      5.2362
 216.0   -84.0   266.087      4.9988
 222.0   -84.0   263.946      4.7685
 228.0   -84.0   262.061      4.5486
 234.0   -84.0   260.410      4.3413
 240.0   -84.0   258.968      4.1475
 246.0   -84.0   257.706      3.9673
 252.0   -84.0   256.598      3.8002
 258.0   -84.0   255.614      3.6457
 264.0   -84.0   254.719      3.5029
 270.0   -84.0   253.871      3.3711
 276.0   -84.0   253.019      3.2497
 282.0   -84.0   252.095      3.1377
 288.0   -84.0   251.019      3.0336
 294.0   -84.0   249.697      2.9354
 300.0   -84.0   248.031      2.8403
 306.0   -84.0   245.920      2.7453
 312.0   -84.0   243.266      2.6468
 318.0   -84.0   239.978      2.5416
 324.0   -84.0   235.964      2.4271
 330.0   -84.0   231.133      2.3018
 336.0   -84.0   225.378      2.1655
 342.0   -84.0   218.570      2.0198
 348.0   -84.0   210.542      1.8681
 354.0   -84.0   201.083      1.7163
